"","depth","TRI","TPI","roughness","slope","aspect","detrended"
"depth",1,0.68,-0.08,0.68,0.66,0.24,-0.01
"TRI",0.68,1,0.04,0.99,0.99,0.43,-0.15
"TPI",-0.08,0.04,1,0.04,0.04,0.08,0.36
"roughness",0.68,0.99,0.04,1,0.99,0.52,-0.15
"slope",0.66,0.99,0.04,0.99,1,0.45,-0.16
"aspect",0.24,0.43,0.08,0.52,0.45,1,-0.05
"detrended",-0.01,-0.15,0.36,-0.15,-0.16,-0.05,1
