"","depth","TRI","TPI","roughness","slope","aspect","detrended"
"depth",1,0.5,0.15,0.52,0.53,0.22,0.63
"TRI",0.5,1,0.18,0.98,0.97,0.16,0.62
"TPI",0.15,0.18,1,0.23,0.3,0.08,0.27
"roughness",0.52,0.98,0.23,1,0.98,0.17,0.64
"slope",0.53,0.97,0.3,0.98,1,0.18,0.65
"aspect",0.22,0.16,0.08,0.17,0.18,1,0.22
"detrended",0.63,0.62,0.27,0.64,0.65,0.22,1
