"","depth","TRI","roughness","slope","aspect","detrended"
"depth",1,0.51,0.52,0.53,0.16,0.61
"TRI",0.51,1,0.99,0.98,0.1,0.65
"roughness",0.52,0.99,1,0.99,0.1,0.66
"slope",0.53,0.98,0.99,1,0.12,0.67
"aspect",0.16,0.1,0.1,0.12,1,0.18
"detrended",0.61,0.65,0.66,0.67,0.18,1
